# 3.1.3. 결측값 처리와 이상값 검색

- 결측/무응답을 가진 자료는 복잡한 통계적 분석 기법을 요함
- 일반적으로 이러한 자료를 분석할 때는 다음 사항을 고려
    - 효율성 문제
    - 자료처리 및 분석의 복잡성 문제
    - 관측된 자료와 결측된 자료 간의 차이에서 기인하는 편이
- 결국 효율적인 방법으로 처리하여 데이터의 정보가 손실되거나 왜곡되는 것을 피해야함

---

## 1) 결측값의 대치법

- 단순 대치법(single imputation)
    - 완전 분석법(complete analysis)
        - 불완전 자료는 무시
        - 효율성 상실과 통계적 추론의 타당성 문제 존재
    - 평균 대치법(mean imputation)
        - 얻어진 자료의 적절한 평균값으로 결측값을 대치
        - 사용하기가 간단하고 완전 분석법에 비해 효율성이 향상
        - 통계량의 표준오차가 과소 추정되는 문제 존재
    - 단순 확률 대치법(single stochastic imputation)
        - 평균 대칩버에서 관측된 자료를 토대로 결측값을 대치할 때, 어떤 적절한 확률값을 부여한 후 대치
        - 표준오차가 과소 추정되는 문제는 보완되지만, 간단한 문제를 제외한 대부분의 경우에 추정량의 표준오차 계산 자체가 어려운 문제가 존재
        - 종류
            
            
            | 종류 | 특징 |
            | --- | --- |
            | cold-deck | 이전 자료를 사용 |
            | hot-deck | 대체군 내에서 응답값 중 하나를 랜덤하게 선정 |
            | regression | 보조변수를 이용하여 회귀 예측치를 대체 |
            | nearest neighbor | 보조변수를 이용하여 무응답조사 단위와 가장 유사한 응답 조사단위를 찾아 대응되는 항복값으로 대체 |
            
- 다중 대치법(multiple imputation)
    - 단순 대치법은 추정량 표준오차의 과소추정 또는 계산의 난해성 문제가 존재
    - 단순 대치법을 한번 하지 않고 m번의 대치를 통한 m개의 가상적 완전한 자료를 만들어서 분석하는 방법
    - 대치, 분석, 결합 단계로 구성

---

## 2) 데이터 기초 통계

```r
> data(iris) # 데이터 불러오기
> head(iris) # 데이터 처음부터 6줄 확인
  Sepal.Length Sepal.Width Petal.Length Petal.Width Species
1          5.1         3.5          1.4         0.2  setosa
2          4.9         3.0          1.4         0.2  setosa
3          4.7         3.2          1.3         0.2  setosa
4          4.6         3.1          1.5         0.2  setosa
5          5.0         3.6          1.4         0.2  setosa
6          5.4         3.9          1.7         0.4  setosa

> str(iris) # 데이터 구조 파악
'data.frame':	150 obs. of  5 variables:
 $ Sepal.Length: num  5.1 4.9 4.7 4.6 5 5.4 4.6 5 4.4 4.9 ...
 $ Sepal.Width : num  3.5 3 3.2 3.1 3.6 3.9 3.4 3.4 2.9 3.1 ...
 $ Petal.Length: num  1.4 1.4 1.3 1.5 1.4 1.7 1.4 1.5 1.4 1.5 ...
 $ Petal.Width : num  0.2 0.2 0.2 0.2 0.2 0.4 0.3 0.2 0.2 0.1 ...
 $ Species     : Factor w/ 3 levels "setosa","versicolor",..: 1 1 1 1 1 1 1 1 1 1 ...

> summary(iris) # 데이터 기초 통계량 확인
  Sepal.Length    Sepal.Width     Petal.Length    Petal.Width          Species  
 Min.   :4.300   Min.   :2.000   Min.   :1.000   Min.   :0.100   setosa    :50  
 1st Qu.:5.100   1st Qu.:2.800   1st Qu.:1.600   1st Qu.:0.300   versicolor:50  
 Median :5.800   Median :3.000   Median :4.350   Median :1.300   virginica :50  
 Mean   :5.843   Mean   :3.057   Mean   :3.758   Mean   :1.199                  
 3rd Qu.:6.400   3rd Qu.:3.300   3rd Qu.:5.100   3rd Qu.:1.800                  
 Max.   :7.900   Max.   :4.400   Max.   :6.900   Max.   :2.500                  

> cov(iris[,1:4]) # 변수 간 공분산 확인
             Sepal.Length Sepal.Width Petal.Length Petal.Width
Sepal.Length    0.6856935  -0.0424340    1.2743154   0.5162707
Sepal.Width    -0.0424340   0.1899794   -0.3296564  -0.1216394
Petal.Length    1.2743154  -0.3296564    3.1162779   1.2956094
Petal.Width     0.5162707  -0.1216394    1.2956094   0.5810063

> cor(iris[,1:4]) # 변수 간 상관계수 확인
             Sepal.Length Sepal.Width Petal.Length Petal.Width
Sepal.Length    1.0000000  -0.1175698    0.8717538   0.8179411
Sepal.Width    -0.1175698   1.0000000   -0.4284401  -0.3661259
Petal.Length    0.8717538  -0.4284401    1.0000000   0.9628654
Petal.Width     0.8179411  -0.3661259    0.9628654   1.0000000
```

---

## 3) 결측값 처리

- R의 결측값 처리 관련 패키지 : Amelia, Mice, mistools 등

```r
> y = c(1,2,3,NA)
> is.na(y) # 결측값 여부 확인
[1] FALSE FALSE FALSE  TRUE

# 특정값을 결측값으로 대체
> data(iris)
> iris[iris$Petal.Width==0.2,'Petal.Width'] = NA
> is.na(iris$Petal.Width)
  [1]  TRUE  TRUE  TRUE  TRUE  TRUE FALSE FALSE  TRUE  TRUE FALSE  TRUE  TRUE
 [13] FALSE FALSE  TRUE FALSE FALSE FALSE FALSE FALSE  TRUE FALSE  TRUE FALSE
 [25]  TRUE  TRUE FALSE  TRUE  TRUE  TRUE  TRUE FALSE FALSE  TRUE  TRUE  TRUE
 [37]  TRUE FALSE  TRUE  TRUE FALSE FALSE  TRUE FALSE FALSE FALSE  TRUE  TRU
# 이하 생략

# 결측값 제외하고 수행
> x = c(1,2,NA,3)
> mean(x)
[1] NA
> mean(x,na.rm=TRUE)
[1] 2

# 결측값을 포함하는 행 찾기
> data("french_fries")
> french_fries[!complete.cases(french_fries),]
    time treatment subject rep potato buttery grassy rancid painty
315    5         3      15   1     NA      NA     NA     NA     NA
455    7         2      79   1    7.3      NA    0.0    0.7      0
515    8         1      79   1   10.5      NA    0.0    0.5      0
520    8         2      16   1    4.5      NA    1.4    6.7      0
563    8         2      79   2    5.7       0    1.4    2.3     NA

# amelia 패키지를 이용한 결측값 대치
install.packages('Amelia')
library(Amelia)
data(freetrade)
head(freetrade)

# m=가상의 데이터셋을 몇 개 만들지, ts=시계열정보(time series),cs=분석에 포함될 변수(cross sectional)
> a.out = amelia(freetrade, m=5, ts='year', cs='country')
-- Imputation 1 --

  1  2  3  4  5  6  7  8  9 10 11 12 13 14 15 16 17 18

-- Imputation 2 --

  1  2  3  4  5  6  7  8  9 10 11 12 13
# 이하 생략

# 3번째의 imputation 데이터셋을 적용해 tariff 변수를 히스토그램 그리기
> hist(a.out$imputations[[3]]$tariff, col='grey', border='white')

> missmap(a.out)# 결측값을 처리하기 전의 그래프(missing이 5%)
> freetrade$tariff = a.out$imputations[[5]]$tariff # imputation 데이터셋 중 5번째 데이터셋으로 대치
> missmap(freetrade) # 결측값 처리 후 그래프(missing이 2%)
```

- R의 결측값 처리

```r
is.na() # NA값을 조사해 논리값으로 반환(NA=TRUE)
complete.cases() # NA값을 조사해 논리값으로 반환(NA=FALSE)
iris[iris$sepal.length==4.0] = NA # 특정값을 NA 처리

# 데이터프레임에서 결측값만 선택 또는 삭제
iris_na = iris
iris_na[c(10,20,30),3] = NA # iris_na 3열의 10,20,30행을 NA처리
iris_na[!complete.cases(iris_na),] # NA가 포함된 행만 추출
iris_na[complete.cases(iris_na),] # NA가 없는 행만 추출

na.omit() # NA가 있는 행 전체 삭제
na.rm=TRUE # mean, range, sd 등 수치형 변수함수 안에 사용하는 인자로 NA값이 있으면 제외하고 수행하도록 함
```

---

## 4) 이상값 검색

- 이상값(outlier) 검색은 분석에서 전처리를 어떻게 할지 결정할 때와 부정사용방지 시스템에서 규칙을 발견하는데 사용할 수 있음
- 종류
    - 의도하지 않게 잘못 입력된 경우
    - 의도하지 않게 입력했으나, 분석 목적에 부합되지 않아 제거해야 하는 경우
    - 의도되지 않은 현상이지만 분석에 포함해야하는 경우
    - 의도된 이상값
- ESD, MADM, boxplot, summary함수 등을 이용해 파악

```r
install.packages('outliers')
library(outliers)
set.seed(1234) # 같은 값이 추출되도록 고정
y=rnorm(100) # 정규분포에서 난수 생성

# 평균과 가장 차이가 많이 나는 값 출력
> outlier(y)
[1] 2.548991

# 평균과 반대 방향으로 가장 차이가 많이 나는 값 출력
> outlier(y,opposite=TRUE)
[1] -2.345698

> dim(y)=c(20,5) # y의 행,열 지정해서 행렬 생성

> outlier(y) # 각 열의 평균과 가장 차이가 많이 나는 값을 열 별로 출력
[1] 2.415835 1.102298 1.647817 2.548991 2.121117

# 반대방향으로 차이가 많이나는 값을 열별로 출력
> outlier(y,opposite=TRUE)
[1] -2.345698 -2.180040 -1.806031 -1.390701 -1.372302

boxplot(y) # 박스플롯 그리기(이상값은 원형으로 표시됨)
```